# EIG2DOS: Utility for SIESTA to obtain the electronic density of states
#  E. Artacho, Apr 1999, A. Garcia, Apr 2012
#  Nick R. Papior, Feb 2017
# ------------------------------------------
# Eigenvalues calculated from a non-polarized calculation
# Eigenvalues read from aGNRP-13.EIG
# Kpoint weights read from aGNRP-13.KP
# Using smearing parameter:   0.2000
# Using 200 points in the energy range
# Selected bands: 1 to: 1160
# Emin, Emax in file for selected band(s):    -22.7683627    232.7640410
# Nbands, Nspin, Nk   =   1160     1    31
# E_F                 =    -3.8431 eV --> (shifted to ZERO)
# Broadening          =     0.2000 eV
#
#        E            N(up)  (=)   N(down)         Ntot
    -25.000000      0.000000      0.000000      0.000000
    -24.748744      0.000000      0.000000      0.000000
    -24.497487      0.000000      0.000000      0.000000
    -24.246231      0.000000      0.000000      0.000000
    -23.994975      0.000000      0.000000      0.000000
    -23.743719      0.000000      0.000000      0.000000
    -23.492462      0.000000      0.000000      0.000000
    -23.241206      0.000000      0.000000      0.000000
    -22.989950      0.000000      0.000000      0.000000
    -22.738693      0.000000      0.000000      0.000000
    -22.487437      0.000000      0.000000      0.000000
    -22.236181      0.000000      0.000000      0.000000
    -21.984925      0.000000      0.000000      0.000000
    -21.733668      0.000000      0.000000      0.000000
    -21.482412      0.000000      0.000000      0.000000
    -21.231156      0.000000      0.000000      0.000000
    -20.979899      0.000000      0.000000      0.000000
    -20.728643      0.000000      0.000000      0.000000
    -20.477387      0.000000      0.000000      0.000000
    -20.226131      0.000000      0.000000      0.000000
    -19.974874      0.000000      0.000000      0.000000
    -19.723618      0.000000      0.000000      0.000000
    -19.472362      0.000896      0.000896      0.001792
    -19.221106      0.233318      0.233318      0.466635
    -18.969849      3.246243      3.246243      6.492487
    -18.718593      4.175600      4.175600      8.351200
    -18.467337      4.700637      4.700637      9.401275
    -18.216080      7.202046      7.202046     14.404093
    -17.964824      3.954327      3.954327      7.908654
    -17.713568      9.127273      9.127273     18.254547
    -17.462312      7.161344      7.161344     14.322688
    -17.211055      6.498245      6.498245     12.996490
    -16.959799      4.968269      4.968269      9.936539
    -16.708543      6.966899      6.966899     13.933798
    -16.457286      7.961757      7.961757     15.923514
    -16.206030      6.044833      6.044833     12.089666
    -15.954774      4.708806      4.708806      9.417611
    -15.703518      6.279617      6.279617     12.559235
    -15.452261      9.200121      9.200121     18.400243
    -15.201005      9.442139      9.442139     18.884279
    -14.949749      5.379404      5.379404     10.758808
    -14.698492      7.600873      7.600873     15.201747
    -14.447236     10.474585     10.474585     20.949169
    -14.195980     11.504549     11.504549     23.009098
    -13.944724      9.173383      9.173383     18.346765
    -13.693467      5.298677      5.298677     10.597355
    -13.442211      3.048302      3.048302      6.096603
    -13.190955      3.208197      3.208197      6.416395
    -12.939698      2.049517      2.049517      4.099034
    -12.688442      3.946984      3.946984      7.893968
    -12.437186      7.147055      7.147055     14.294110
    -12.185930     10.631514     10.631514     21.263027
    -11.934673     10.147254     10.147254     20.294508
    -11.683417      7.939413      7.939413     15.878826
    -11.432161      8.401971      8.401971     16.803943
    -11.180905      5.151904      5.151904     10.303808
    -10.929648      8.588207      8.588207     17.176413
    -10.678392      8.700375      8.700375     17.400749
    -10.427136      7.427477      7.427477     14.854954
    -10.175879      6.401888      6.401888     12.803776
     -9.924623      6.925149      6.925149     13.850297
     -9.673367      7.521223      7.521223     15.042446
     -9.422111      7.805400      7.805400     15.610799
     -9.170854      7.935002      7.935002     15.870004
     -8.919598      9.704909      9.704909     19.409817
     -8.668342     12.158690     12.158690     24.317380
     -8.417085      7.752127      7.752127     15.504254
     -8.165829      6.623115      6.623115     13.246230
     -7.914573      9.617774      9.617774     19.235549
     -7.663317     15.500563     15.500563     31.001125
     -7.412060     11.458724     11.458724     22.917447
     -7.160804     13.412211     13.412211     26.824422
     -6.909548     20.388911     20.388911     40.777821
     -6.658291     17.960786     17.960786     35.921572
     -6.407035     24.034494     24.034494     48.068989
     -6.155779     24.083285     24.083285     48.166570
     -5.904523     16.083784     16.083784     32.167568
     -5.653266     18.754253     18.754253     37.508505
     -5.402010     14.955608     14.955608     29.911215
     -5.150754     17.498143     17.498143     34.996286
     -4.899497     14.812533     14.812533     29.625066
     -4.648241     14.828150     14.828150     29.656301
     -4.396985     18.790912     18.790912     37.581823
     -4.145729     15.584762     15.584762     31.169524
     -3.894472     10.846657     10.846657     21.693314
     -3.643216     10.143126     10.143126     20.286251
     -3.391960     13.409185     13.409185     26.818370
     -3.140704      9.888410      9.888410     19.776820
     -2.889447      6.855185      6.855185     13.710369
     -2.638191      6.362611      6.362611     12.725223
     -2.386935     10.076902     10.076902     20.153804
     -2.135678     10.730479     10.730479     21.460957
     -1.884422      9.969376      9.969376     19.938752
     -1.633166      7.018579      7.018579     14.037158
     -1.381910      2.964200      2.964200      5.928400
     -1.130653      2.987914      2.987914      5.975828
     -0.879397      2.014946      2.014946      4.029893
     -0.628141      1.619843      1.619843      3.239685
     -0.376884      1.295062      1.295062      2.590124
     -0.125628      0.135307      0.135307      0.270615
      0.125628      0.137264      0.137264      0.274528
      0.376884      1.327795      1.327795      2.655589
      0.628141      1.731250      1.731250      3.462500
      0.879397      2.431818      2.431818      4.863636
      1.130653      3.161856      3.161856      6.323712
      1.381910      5.900550      5.900550     11.801099
      1.633166     11.061581     11.061581     22.123162
      1.884422     11.949418     11.949418     23.898835
      2.135678      7.804600      7.804600     15.609201
      2.386935      6.515670      6.515670     13.031341
      2.638191      2.972956      2.972956      5.945912
      2.889447      7.053376      7.053376     14.106752
      3.140704      7.919118      7.919118     15.838235
      3.391960      7.682338      7.682338     15.364676
      3.643216      3.811886      3.811886      7.623772
      3.894472      2.980432      2.980432      5.960863
      4.145729     11.075823     11.075823     22.151646
      4.396985     12.788552     12.788552     25.577104
      4.648241      4.452170      4.452170      8.904340
      4.899497      4.548400      4.548400      9.096800
      5.150754      5.959128      5.959128     11.918256
      5.402010      5.299157      5.299157     10.598313
      5.653266     10.161057     10.161057     20.322114
      5.904523      9.260932      9.260932     18.521863
      6.155779      2.387839      2.387839      4.775677
      6.407035      3.110051      3.110051      6.220103
      6.658291     11.744006     11.744006     23.488012
      6.909548      9.831777      9.831777     19.663554
      7.160804     12.908740     12.908740     25.817480
      7.412060     15.951240     15.951240     31.902481
      7.663317     21.996337     21.996337     43.992673
      7.914573     15.412459     15.412459     30.824919
      8.165829     12.451657     12.451657     24.903313
      8.417085     20.376452     20.376452     40.752905
      8.668342     15.223518     15.223518     30.447036
      8.919598     19.792111     19.792111     39.584223
      9.170854     14.997586     14.997586     29.995172
      9.422111     17.442454     17.442454     34.884909
      9.673367     22.936874     22.936874     45.873749
      9.924623     19.436410     19.436410     38.872820
     10.175879     21.394783     21.394783     42.789566
     10.427136     24.455546     24.455546     48.911092
     10.678392     19.864747     19.864747     39.729493
     10.929648      9.926695      9.926695     19.853389
     11.180905     14.164913     14.164913     28.329827
     11.432161     19.412106     19.412106     38.824212
     11.683417     21.418622     21.418622     42.837244
     11.934673     16.598385     16.598385     33.196770
     12.185930     14.631106     14.631106     29.262212
     12.437186     19.533328     19.533328     39.066657
     12.688442     21.291210     21.291210     42.582419
     12.939698     23.131345     23.131345     46.262690
     13.190955     23.985870     23.985870     47.971739
     13.442211     30.434560     30.434560     60.869120
     13.693467     38.360863     38.360863     76.721726
     13.944724     37.743492     37.743492     75.486984
     14.195980     39.657162     39.657162     79.314325
     14.447236     42.404553     42.404553     84.809107
     14.698492     33.425689     33.425689     66.851379
     14.949749     30.726390     30.726390     61.452780
     15.201005     21.851808     21.851808     43.703616
     15.452261     21.296882     21.296882     42.593765
     15.703518     20.528987     20.528987     41.057974
     15.954774     17.408706     17.408706     34.817413
     16.206030     11.971871     11.971871     23.943743
     16.457286     19.886668     19.886668     39.773337
     16.708543     11.118302     11.118302     22.236605
     16.959799      4.071752      4.071752      8.143505
     17.211055      6.948880      6.948880     13.897760
     17.462312     13.817054     13.817054     27.634109
     17.713568     14.563213     14.563213     29.126425
     17.964824     16.491786     16.491786     32.983571
     18.216080     16.009974     16.009974     32.019949
     18.467337     15.393549     15.393549     30.787099
     18.718593     15.657982     15.657982     31.315963
     18.969849     10.057518     10.057518     20.115035
     19.221106     16.098251     16.098251     32.196501
     19.472362     18.829870     18.829870     37.659740
     19.723618     19.917589     19.917589     39.835178
     19.974874     16.227134     16.227134     32.454269
     20.226131     13.571307     13.571307     27.142613
     20.477387     18.430467     18.430467     36.860934
     20.728643     20.762418     20.762418     41.524835
     20.979899     20.964050     20.964050     41.928099
     21.231156     21.306094     21.306094     42.612188
     21.482412     16.493952     16.493952     32.987904
     21.733668      9.550443      9.550443     19.100886
     21.984925     12.883249     12.883249     25.766499
     22.236181     17.232739     17.232739     34.465478
     22.487437     21.100440     21.100440     42.200880
     22.738693     19.298343     19.298343     38.596686
     22.989950     14.993622     14.993622     29.987245
     23.241206     19.804635     19.804635     39.609269
     23.492462     24.570456     24.570456     49.140911
     23.743719     28.845113     28.845113     57.690226
     23.994975     22.519863     22.519863     45.039726
     24.246231     19.408672     19.408672     38.817344
     24.497487     16.890643     16.890643     33.781285
     24.748744     16.505376     16.505376     33.010752
     25.000000     19.007546     19.007546     38.015091
