               -938.2213925085
         -0.000002737      -0.000000033      -0.000000000
         -0.000000033       0.000000139       0.000000000
         -0.000000000       0.000000000       0.000000070
         104
  1     6      -0.001715107       0.000395643       0.000007440  C.gga
  1     6      -0.033442479      -0.000556004       0.000209269  C.gga
  1     6      -0.001497487       0.000746325       0.000012533  C.gga
  1     6       0.000310838       0.000321297       0.000003819  C.gga
  1     6       0.007314036      -0.004148737       0.000018389  C.gga
  1     6       0.007807430       0.004040097       0.000055381  C.gga
  1     6       0.000509429      -0.000565761       0.000000302  C.gga
  1     6      -0.000679630       0.000599650       0.000047427  C.gga
  1     6       0.000055678       0.000188709      -0.000005915  C.gga
  1     6       0.002064632      -0.001769336       0.000057437  C.gga
  1     6       0.001474335       0.001771669       0.000094352  C.gga
  1     6       0.000479559      -0.000318388      -0.000002432  C.gga
  1     6      -0.000775238      -0.000329540       0.000030369  C.gga
  1     6      -0.000140803       0.000184475       0.000138426  C.gga
  1     6       0.000009946       0.000068422       0.000001046  C.gga
  1     6       0.000605254       0.000867776      -0.000000495  C.gga
  1     6      -0.000570557      -0.000536672       0.000241694  C.gga
  1     6       0.000362048       0.000278175       0.000024421  C.gga
  1     6       0.000055371       0.000357907       0.000001688  C.gga
  1     6      -0.000194143       0.000711538       0.000178220  C.gga
  1     6       0.000009735       0.000077848      -0.000005610  C.gga
  1     6       0.000185520      -0.000014858      -0.000001825  C.gga
  1     6       0.000185971      -0.000462066      -0.000000100  C.gga
  1     6       0.000689345      -0.000021582      -0.000003133  C.gga
  1     6      -0.000159367       0.000293420       0.000001970  C.gga
  1     6       0.000200963      -0.000262758      -0.000006047  C.gga
  1     6       0.000201840      -0.000283187       0.000007538  C.gga
  1     6       0.000352588      -0.000069277      -0.000006362  C.gga
  1     6       0.000028239       0.000087575       0.000019036  C.gga
  1     6       0.000357941      -0.000403724       0.000052252  C.gga
  1     6      -0.000495391       0.000221237       0.000077919  C.gga
  1     6       0.000536563      -0.000404168       0.000007996  C.gga
  1     6       0.000083364       0.000075111      -0.000010832  C.gga
  1     6      -0.000079826      -0.000008009       0.000246898  C.gga
  1     6      -0.000082355      -0.000498557       0.000034808  C.gga
  1     6       0.000427418       0.000255155       0.000091395  C.gga
  1     6      -0.000163134       0.000351916       0.000241609  C.gga
  1     6      -0.000322702      -0.000120766       0.000017112  C.gga
  1     6      -0.000314749      -0.000186282       0.000000516  C.gga
  1     6      -0.000107194      -0.000265887      -0.000014317  C.gga
  1     6      -0.000207244       0.000606068       0.000007237  C.gga
  1     6       0.000270106      -0.000524645       0.000240655  C.gga
  1     6       0.000037087       0.000582137       0.000012100  C.gga
  1     6       0.000249131      -0.000019483       0.000003921  C.gga
  1     6      -0.000545724      -0.000179735       0.000018813  C.gga
  1     6      -0.000046196       0.000026206       0.000056372  C.gga
  1     6       0.000487452      -0.000210639       0.000000041  C.gga
  1     6      -0.000597196       0.000340031       0.000047832  C.gga
  1     6      -0.000032445       0.000334928      -0.000005803  C.gga
  1     6       0.000800408      -0.000178373       0.000056521  C.gga
  1     6       0.000125244       0.000204510       0.000094590  C.gga
  1     6       0.000404807      -0.000456047      -0.000002625  C.gga
  1     6      -0.000743375      -0.000182906       0.000030502  C.gga
  1     6      -0.000166782       0.000445904       0.000138368  C.gga
  1     6       0.000053149       0.000112647       0.000000980  C.gga
  1     6       0.000356034       0.000554090      -0.000000302  C.gga
  1     6      -0.000479224      -0.000499425       0.000242940  C.gga
  1     6       0.000106439       0.000566684       0.000023922  C.gga
  1     6       0.000111891       0.000345538       0.000001910  C.gga
  1     6      -0.000180455       0.000495074       0.000178322  C.gga
  1     6      -0.000036057      -0.000178902      -0.000005046  C.gga
  1     6       0.000173055      -0.000059212      -0.000001556  C.gga
  1     6       0.000166069      -0.000217516      -0.000000688  C.gga
  1     6       0.000690197      -0.000024908      -0.000003687  C.gga
  1     6      -0.000199236       0.000020723       0.000001351  C.gga
  1     6       0.000144927      -0.000217681      -0.000006159  C.gga
  1     6       0.000140139      -0.000018676       0.000007427  C.gga
  1     6       0.000487916       0.000173270      -0.000006732  C.gga
  1     6       0.000105648      -0.000050046       0.000018930  C.gga
  1     6      -0.000002370      -0.000413708       0.000052105  C.gga
  1     6      -0.000819605       0.000209642       0.000077137  C.gga
  1     6       0.000625552      -0.000252335       0.000009291  C.gga
  1     6       0.000239922      -0.000119875      -0.000011346  C.gga
  1     6      -0.000012801       0.000129254       0.000247085  C.gga
  1     6       0.001226055       0.001191197       0.000035140  C.gga
  1     6       0.001741860      -0.001468759       0.000091318  C.gga
  1     6      -0.000126197       0.000220567       0.000241582  C.gga
  1     6       0.000370265      -0.000760326       0.000017207  C.gga
  1     6       0.014120861      -0.000150531       0.000001665  C.gga
  1     6       0.000598788       0.000394347      -0.000014548  C.gga
  2     1       0.000020621       0.000106845      -0.000004726  H.gga
  2     1       0.000120769      -0.000434765      -0.000015717  H.gga
  2     1      -0.000100926       0.000030186      -0.000001376  H.gga
  2     1      -0.000223166      -0.000230681      -0.000000233  H.gga
  2     1       0.000394111      -0.000251262       0.000002664  H.gga
  2     1       0.000263645       0.000235265      -0.000000996  H.gga
  2     1       0.000007787      -0.000194493      -0.000009127  H.gga
  2     1       0.000109265       0.000236172      -0.000012519  H.gga
  2     1       0.000129893       0.000302753      -0.000004052  H.gga
  2     1       0.000199947      -0.000397036       0.000001424  H.gga
  2     1      -0.000210599       0.000304099       0.000004486  H.gga
  2     1      -0.000090794      -0.000412530      -0.000006914  H.gga
  2     1       0.000080274       0.000057285      -0.000004688  H.gga
  2     1       0.000163003      -0.000392275      -0.000015699  H.gga
  2     1      -0.000149413       0.000055366      -0.000001437  H.gga
  2     1      -0.000261188      -0.000249481      -0.000000139  H.gga
  2     1       0.000340243      -0.000346055       0.000003198  H.gga
  2     1       0.000226459       0.000315941      -0.000001093  H.gga
  2     1      -0.000015479      -0.000146046      -0.000009602  H.gga
  2     1       0.000093954       0.000177621      -0.000012537  H.gga
  2     1       0.000134161       0.000278239      -0.000003999  H.gga
  2     1       0.000187167      -0.000387936       0.000001460  H.gga
  2     1      -0.000216206       0.000294457       0.000004495  H.gga
  2     1      -0.000083996      -0.000377328      -0.000006914  H.gga
