    31
     1    0.000000    0.000000    0.000000       0.016667
     2    0.003207    0.000000    0.000000       0.033333
     3    0.006414    0.000000    0.000000       0.033333
     4    0.009621    0.000000    0.000000       0.033333
     5    0.012828    0.000000    0.000000       0.033333
     6    0.016035    0.000000    0.000000       0.033333
     7    0.019241    0.000000    0.000000       0.033333
     8    0.022448    0.000000    0.000000       0.033333
     9    0.025655    0.000000    0.000000       0.033333
    10    0.028862    0.000000    0.000000       0.033333
    11    0.032069    0.000000    0.000000       0.033333
    12    0.035276    0.000000    0.000000       0.033333
    13    0.038483    0.000000    0.000000       0.033333
    14    0.041690    0.000000    0.000000       0.033333
    15    0.044897    0.000000    0.000000       0.033333
    16    0.048104    0.000000    0.000000       0.033333
    17    0.051310    0.000000    0.000000       0.033333
    18    0.054517    0.000000    0.000000       0.033333
    19    0.057724    0.000000    0.000000       0.033333
    20    0.060931    0.000000    0.000000       0.033333
    21    0.064138    0.000000    0.000000       0.033333
    22    0.067345    0.000000    0.000000       0.033333
    23    0.070552    0.000000    0.000000       0.033333
    24    0.073759    0.000000    0.000000       0.033333
    25    0.076966    0.000000    0.000000       0.033333
    26    0.080173    0.000000    0.000000       0.033333
    27    0.083379    0.000000    0.000000       0.033333
    28    0.086586    0.000000    0.000000       0.033333
    29    0.089793    0.000000    0.000000       0.033333
    30    0.093000    0.000000    0.000000       0.033333
    31    0.096207    0.000000    0.000000       0.016667
